OTUId	DNA07	DNA08	DNA09	DNA10	DNA11	DNA12
OTU_1	1801	1905	1193	1689	2627	2092
OTU_10	867	682	436	105	310	140
OTU_100	37	3	0	38	18	0
OTU_101	26	15	13	37	7	14
OTU_102	19	26	9	26	29	36
OTU_104	14	23	6	6	25	22
OTU_106	148	2	1	8	11	3
OTU_108	15	8	7	12	26	21
OTU_109	140	8	0	9	6	2
OTU_11	562	176	179	1130	1182	1090
OTU_110	366	316	297	415	253	272
OTU_111	13	18	0	21	42	35
OTU_112	20	15	31	43	36	10
OTU_113	19	22	15	12	27	35
OTU_114	23	21	6	21	15	9
OTU_115	39	15	6	43	44	29
OTU_117	17	9	19	23	10	16
OTU_118	15	24	2	6	6	4
OTU_119	111	69	34	128	107	75
OTU_12	945	1025	638	664	528	675
OTU_120	33	23	6	2	5	7
OTU_121	10	11	31	4	12	11
OTU_122	9	16	4	21	37	20
OTU_123	3	14	6	30	32	11
OTU_125	24	8	0	8	19	16
OTU_126	11	19	0	11	9	11
OTU_127	8	9	9	9	13	10
OTU_129	35	15	9	19	41	12
OTU_13	1378	1056	619	708	447	858
OTU_130	15	9	7	10	2	22
OTU_131	26	29	29	22	45	12
OTU_132	11	12	12	30	16	15
OTU_133	34	12	3	37	39	17
OTU_134	6	12	1	10	15	18
OTU_135	3	0	0	41	2	2
OTU_137	8	12	14	10	4	14
OTU_139	6	1	0	8	9	9
OTU_14	950	1319	1973	736	798	769
OTU_140	0	8	5	23	16	14
OTU_141	13	11	2	4	0	3
OTU_142	35	0	0	0	0	0
OTU_143	11	8	0	17	34	14
OTU_145	12	8	1	18	16	14
OTU_146	7	3	1	19	11	24
OTU_147	8	12	13	5	3	9
OTU_148	15	0	0	34	1	2
OTU_149	18	3	2	7	14	2
OTU_15	23	625	33	24	8	1898
OTU_150	2	33	0	0	4	2
OTU_151	10	8	2	25	22	23
OTU_152	7	4	0	11	10	11
OTU_153	4	8	5	10	9	9
OTU_154	4	2	0	8	21	8
OTU_155	23	37	3	0	3	4
OTU_156	5	1	0	9	12	7
OTU_157	12	4	10	4	9	2
OTU_159	15	2	1	28	6	3
OTU_16	1002	541	66	449	445	230
OTU_160	20	258	1669	16	7	1109
OTU_161	6	10	11	10	7	10
OTU_163	2	10	8	16	13	16
OTU_166	20	1	3	2	5	0
OTU_167	18	4	1	7	1	2
OTU_168	0	5	1	0	3	7
OTU_169	37	9	2	9	6	5
OTU_17	841	435	629	583	506	655
OTU_170	7	0	0	29	0	0
OTU_171	20	0	0	0	1	0
OTU_172	18	6	0	13	14	21
OTU_173	11	1	0	1	5	11
OTU_174	30	0	0	1	0	0
OTU_175	20	0	1	1	0	12
OTU_176	21	9	11	40	8	6
OTU_177	26	0	0	0	0	0
OTU_178	36	26	2	33	29	35
OTU_179	18	3	1	13	19	21
OTU_180	0	17	10	17	6	0
OTU_182	34	1	0	2	2	1
OTU_183	3	2	0	7	14	15
OTU_184	22	13	8	8	3	9
OTU_185	4	1	1	9	5	5
OTU_186	3	6	4	4	8	3
OTU_187	15	1	0	5	0	1
OTU_188	47	1	0	3	2	2
OTU_189	0	8	0	3	8	10
OTU_19	433	621	126	666	227	758
OTU_190	14	0	0	21	0	0
OTU_191	0	1	0	1	6	9
OTU_192	1	8	9	8	6	5
OTU_193	3	3	1	16	3	2
OTU_194	2	2	1	11	6	4
OTU_195	2	1	1	6	1	17
OTU_196	13	2	3	2	2	2
OTU_198	22	2	1	1	2	1
OTU_199	9	4	6	5	3	7
OTU_2	891	712	456	1494	1617	1328
OTU_20	1680	75	0	35	68	220
OTU_200	0	3	0	12	4	7
OTU_201	9	9	10	20	25	8
OTU_202	8	0	0	1	0	1
OTU_204	0	6	1	5	4	5
OTU_205	22	0	0	0	4	1
OTU_206	14	5	0	0	2	5
OTU_207	9	4	0	2	9	3
OTU_208	14	11	2	3	4	10
OTU_209	1	1	0	4	6	9
OTU_21	465	664	2054	38	72	147
OTU_210	2	1	3	5	5	2
OTU_211	1	16	1	0	0	17
OTU_212	2	1	3	2	10	6
OTU_214	11	3	2	7	9	5
OTU_215	1	1	0	4	5	1
OTU_216	1	0	2	0	3	15
OTU_217	10	11	21	4	3	3
OTU_218	0	6	2	1	0	15
OTU_219	5	6	3	17	6	7
OTU_220	91	17	13	105	65	62
OTU_221	8	5	0	12	10	7
OTU_222	33	1	0	3	1	1
OTU_223	4	0	1	3	3	0
OTU_224	0	2	1	4	2	0
OTU_225	3	0	1	11	3	2
OTU_226	6	5	1	3	4	3
OTU_227	8	4	4	2	6	2
OTU_228	9	0	0	1	0	2
OTU_229	6	1	0	15	0	0
OTU_23	351	73	165	301	299	776
OTU_230	14	0	0	0	0	0
OTU_231	14	3	1	6	8	5
OTU_232	135	223	181	32	86	37
OTU_233	1	4	2	2	1	3
OTU_235	1	3	0	6	6	2
OTU_236	2	4	0	1	0	0
OTU_237	9	0	0	0	1	0
OTU_238	0	6	0	0	1	1
OTU_239	8	5	16	2	8	1
OTU_24	96	154	199	125	102	261
OTU_240	5	4	2	2	5	5
OTU_242	9	3	1	12	19	2
OTU_243	7	2	1	4	1	1
OTU_244	0	0	1	5	1	2
OTU_245	3	1	1	0	5	5
OTU_246	6	0	0	0	0	0
OTU_247	13	0	1	1	1	8
OTU_248	7	1	0	6	4	6
OTU_249	16	6	3	10	2	5
OTU_250	5	8	2	3	3	6
OTU_251	4	2	0	3	0	3
OTU_252	0	1	0	11	0	0
OTU_253	11	0	0	0	0	0
OTU_254	17	1	1	1	4	3
OTU_255	6	2	2	5	4	5
OTU_257	2	0	0	2	3	1
OTU_258	11	0	0	12	0	0
OTU_259	1	1	3	5	2	0
OTU_26	268	77	34	375	593	316
OTU_260	5	0	0	0	1	1
OTU_261	14	0	0	0	0	0
OTU_262	214	136	275	112	151	153
OTU_263	4	0	0	1	4	3
OTU_264	4	2	0	2	3	3
OTU_265	17	19	24	7	3	14
OTU_266	0	4	0	5	7	2
OTU_267	2	1	1	5	6	1
OTU_268	0	0	0	1	1	7
OTU_269	1	3	0	5	5	7
OTU_270	2	0	0	1	0	5
OTU_271	3	2	0	3	0	1
OTU_272	1	1	0	5	4	6
OTU_273	4	0	0	8	2	2
OTU_275	11	2	3	12	9	6
OTU_276	0	0	1	0	0	10
OTU_277	7	0	0	0	0	0
OTU_278	11	20	4	13	9	22
OTU_279	0	1	2	2	3	9
OTU_28	299	360	53	295	279	277
OTU_280	4	0	0	16	0	1
OTU_281	20	0	0	0	0	0
OTU_282	0	3	0	5	2	3
OTU_283	3	0	0	5	4	3
OTU_284	6	1	0	3	1	0
OTU_286	0	1	0	4	4	1
OTU_287	0	0	0	1	0	3
OTU_288	0	0	0	1	6	2
OTU_289	0	3	1	1	5	1
OTU_29	239	211	73	377	363	280
OTU_290	5	0	0	2	0	2
OTU_291	2	0	0	5	0	0
OTU_292	1	0	1	1	1	1
OTU_293	1	0	0	5	2	2
OTU_294	1364	958	718	2639	2601	2020
OTU_295	0	1	2	1	2	2
OTU_296	15	0	0	0	0	1
OTU_297	12	0	0	0	0	0
OTU_298	6	0	1	3	1	0
OTU_299	6	3	6	7	10	10
OTU_30	372	217	52	469	345	245
OTU_300	12	1	0	1	0	0
OTU_301	29	23	20	16	15	19
OTU_303	0	2	1	2	1	2
OTU_304	2	0	0	3	3	0
OTU_307	11	0	1	3	3	3
OTU_308	8	0	0	0	0	0
OTU_309	6	1	0	5	2	1
OTU_31	26	2	770	1	10	603
OTU_310	8	0	0	0	1	1
OTU_311	0	0	3	0	0	0
OTU_312	0	2	0	13	1	4
OTU_313	14	0	0	1	2	0
OTU_314	0	0	0	1	0	3
OTU_315	5	0	0	3	2	1
OTU_316	1	0	0	2	3	1
OTU_317	0	0	0	4	1	0
OTU_319	3	1	1	0	0	0
OTU_32	56	112	9	139	257	152
OTU_320	13	0	0	3	0	0
OTU_322	2	0	0	0	0	1
OTU_323	5	0	0	0	2	0
OTU_324	1	0	0	4	0	0
OTU_325	12	1	0	0	0	2
OTU_326	9	0	0	0	0	2
OTU_327	0	0	1	2	5	0
OTU_328	4	0	0	0	0	1
OTU_329	2	1	0	0	1	2
OTU_33	253	136	34	295	199	158
OTU_330	0	0	2	4	2	0
OTU_332	5	0	0	0	0	0
OTU_334	0	3	0	0	0	1
OTU_335	0	1	2	0	5	2
OTU_336	5	0	0	0	0	0
OTU_337	0	19	0	0	0	0
OTU_339	16	13	28	4	19	11
OTU_34	571	317	505	217	247	485
OTU_340	0	0	0	0	1	8
OTU_341	0	1	0	3	3	3
OTU_342	0	2	0	1	3	0
OTU_344	2	0	0	2	0	0
OTU_345	4	1	0	2	1	1
OTU_346	13	0	0	0	0	2
OTU_347	3	0	1	1	2	0
OTU_348	0	2	0	0	0	0
OTU_350	0	25	55	10	8	9
OTU_351	2	2	0	1	4	2
OTU_352	742	210	18	838	805	792
OTU_353	4	0	1	5	3	1
OTU_354	5	0	0	0	0	0
OTU_355	3	0	0	0	0	1
OTU_356	7	0	0	1	0	0
OTU_358	0	0	0	2	3	0
OTU_359	4	1	1	1	0	1
OTU_36	469	135	9	311	203	324
OTU_360	5	0	0	0	1	0
OTU_361	1	2	0	0	0	1
OTU_362	5	2	1	2	5	4
OTU_363	0	3	8	3	4	11
OTU_364	4	0	0	0	0	0
OTU_365	6	0	0	0	0	0
OTU_366	1	0	0	1	1	1
OTU_367	0	0	0	0	3	3
OTU_368	2	0	0	0	0	0
OTU_369	4	0	0	0	0	0
OTU_37	690	0	0	10	0	0
OTU_370	4	0	0	3	2	2
OTU_371	0	0	0	0	0	2
OTU_372	1	2	1	0	0	0
OTU_373	0	0	2	0	3	5
OTU_374	7	0	0	0	0	0
OTU_375	6	0	0	0	0	0
OTU_376	2	0	0	0	0	0
OTU_377	0	3	2	3	0	0
OTU_378	4	0	0	0	0	2
OTU_379	3	0	0	0	0	0
OTU_38	387	275	293	389	515	522
OTU_380	0	0	2	0	0	0
OTU_381	0	0	0	7	5	0
OTU_382	3	3	2	1	0	0
OTU_383	7	0	0	0	0	0
OTU_385	0	2	0	0	0	0
OTU_386	4	0	0	0	0	0
OTU_387	0	1	627	0	0	5
OTU_389	0	1	0	1	3	2
OTU_39	101	72	166	23	244	223
OTU_390	2	0	0	1	0	2
OTU_391	0	2	0	0	0	0
OTU_392	0	0	0	2	1	0
OTU_393	2	0	0	2	4	3
OTU_394	0	0	2	0	0	0
OTU_395	0	7	4	1	2	1
OTU_397	0	0	0	3	0	0
OTU_398	3	0	1	0	1	2
OTU_399	3	1	0	0	0	1
OTU_4	1193	697	3741	27	84	1422
OTU_40	201	125	71	295	259	138
OTU_400	6	0	0	0	0	0
OTU_401	0	0	0	3	0	0
OTU_402	0	1	1	1	0	5
OTU_404	0	0	0	4	2	0
OTU_405	0	0	0	4	0	0
OTU_406	0	0	0	2	0	2
OTU_407	4	0	0	0	0	0
OTU_408	4	0	0	0	0	0
OTU_409	0	2	4	2	2	0
OTU_411	4	1	0	0	1	1
OTU_412	4	0	0	0	0	0
OTU_413	0	1	0	1	0	0
OTU_414	2	0	0	0	0	0
OTU_415	2	0	0	0	0	1
OTU_416	0	0	2	2	1	0
OTU_417	2	0	0	6	0	0
OTU_418	0	1	0	0	1	4
OTU_419	0	0	712	0	0	0
OTU_42	114	63	65	176	154	97
OTU_420	67	49	35	48	39	23
OTU_421	0	0	0	0	0	2
OTU_422	0	0	0	0	0	2
OTU_423	4	3	0	1	1	2
OTU_424	0	2	1	3	0	1
OTU_425	0	0	0	0	7	1
OTU_426	0	0	0	0	2	0
OTU_427	0	0	0	2	1	3
OTU_429	0	0	0	2	0	0
OTU_43	93	50	23	130	69	51
OTU_430	0	0	0	0	2	0
OTU_431	4	3	1	4	4	7
OTU_432	0	1	0	1	0	2
OTU_433	6	0	0	0	0	0
OTU_434	0	0	0	3	1	4
OTU_435	0	1	2	0	0	0
OTU_436	0	0	0	2	0	0
OTU_438	71	31	57	64	118	74
OTU_439	0	4	0	1	0	1
OTU_44	41	109	79	100	61	45
OTU_440	0	1	0	0	1	1
OTU_441	0	0	0	1	0	3
OTU_442	6	1	0	1	2	0
OTU_443	0	2	2	0	1	0
OTU_446	3	1	1	19	12	2
OTU_447	0	0	0	0	2	0
OTU_448	1	1	2	2	0	0
OTU_449	1	0	0	2	2	1
OTU_45	333	147	82	298	276	176
OTU_450	0	0	0	0	3	1
OTU_452	1	0	0	5	0	1
OTU_455	1	0	0	1	0	0
OTU_457	2	0	0	6	0	0
OTU_458	92	36	9	62	82	79
OTU_459	3	0	0	0	0	0
OTU_46	245	186	9	221	148	103
OTU_460	0	0	2	0	0	0
OTU_461	0	0	1	0	0	3
OTU_462	2	0	0	0	0	0
OTU_464	1	0	0	0	3	0
OTU_465	0	0	0	2	0	0
OTU_466	3	10	30	8	7	12
OTU_467	1766	1544	1192	1639	2563	2071
OTU_468	0	0	0	1	0	2
OTU_469	0	0	0	3	0	1
OTU_47	121	73	10	234	160	93
OTU_470	5	0	0	0	0	0
OTU_471	3	0	1	2	3	2
OTU_472	0	1	0	1	7	1
OTU_474	50	32	3	36	39	25
OTU_475	4	4	4	3	2	5
OTU_476	10	10	2	7	23	5
OTU_477	0	0	0	1	2	0
OTU_478	4	0	1	1	1	0
OTU_48	79	211	59	21	53	99
OTU_49	125	66	108	117	146	111
OTU_5	1818	420	131	1756	1504	1311
OTU_50	42	51	28	154	144	61
OTU_52	99	50	71	108	126	32
OTU_53	259	157	177	185	217	231
OTU_54	323	156	13	495	390	274
OTU_55	145	96	43	168	191	152
OTU_56	82	209	179	51	98	283
OTU_57	98	85	52	146	95	77
OTU_59	65	22	19	95	92	93
OTU_6	798	1230	2790	566	808	765
OTU_60	213	4	8	2	32	93
OTU_61	28	23	21	34	33	58
OTU_62	71	61	23	99	95	43
OTU_63	98	31	15	40	64	122
OTU_64	1101	756	467	554	392	135
OTU_65	2	419	13	0	0	380
OTU_66	59	15	15	61	92	32
OTU_67	29	22	0	52	64	83
OTU_68	108	46	5	8	32	38
OTU_7	1135	1134	969	880	685	1486
OTU_70	23	26	18	36	28	17
OTU_71	0	31	5	2	0	196
OTU_72	175	36	5	173	170	148
OTU_73	0	0	203	0	0	63
OTU_74	45	28	0	83	128	146
OTU_75	118	36	6	118	54	52
OTU_76	56	32	46	10	18	72
OTU_77	63	18	10	80	44	26
OTU_78	55	30	8	49	67	23
OTU_79	71	53	75	18	16	18
OTU_8	2	0	5958	0	0	3
OTU_80	8	10	7	11	10	18
OTU_81	22	40	14	27	37	46
OTU_82	56	13	9	21	121	11
OTU_83	15	26	0	31	43	53
OTU_84	49	16	16	36	59	39
OTU_85	36	21	7	61	39	68
OTU_86	63	22	8	69	55	37
OTU_87	45	29	3	57	35	33
OTU_88	114	35	110	20	23	70
OTU_9	1281	1270	1027	888	895	1114
OTU_90	41	1	2	98	6	2
OTU_92	97	3	0	7	2	3
OTU_93	30	60	95	18	18	35
OTU_94	15	33	26	24	31	13
OTU_96	35	44	21	31	54	42
OTU_97	7	10	8	20	20	7
OTU_99	111	15	0	52	31	8
